1.0
1.1794960159
1.33670771381
1.46560328087
1.56085378597
1.61803398875
1.63379567989
1.60600715088
1.53385352341
1.41789399288
1.26007351067
1.06368799463
0.833303762305
0.574633470219
0.294372359516
1.66533453694e-16
-0.300446058001
-0.598617314508
-0.886113876914
-1.15474791899
-1.39680224667
-1.60527530747
-1.77410441139
-1.89835964702
-1.97440195204
-2.0
-1.97440195204
-1.89835964702
-1.77410441139
-1.60527530747
-1.39680224667
-1.15474791899
-0.886113876914
-0.598617314508
-0.300446058001
4.4408920985e-16
0.294372359516
0.574633470219
0.833303762305
1.06368799463
1.26007351067
1.41789399288
1.53385352341
1.60600715088
1.63379567989
1.61803398875
1.56085378597
1.46560328087
1.33670771381
1.1794960159
1.0
0.804733386729
0.600458608444
0.393949690909
0.191759574115
-2.22044604925e-16
-0.175858425045
-0.33115917138
-0.462199933449
-0.566335409749
-0.64203952192
-0.688925365458
-0.707722723246
-0.700214509278
-0.669134988687
-0.61803398875
-0.551112525129
-0.47303627545
-0.388734102584
-0.303189335856
-0.221231742082
-0.147338052622
-0.0854485603862
-0.0388066752404
-0.00982745058579
0.0
-0.00982745058579
-0.0388066752404
-0.0854485603862
-0.147338052622
-0.221231742082
-0.303189335856
-0.388734102584
-0.47303627545
-0.551112525129
-0.61803398875
-0.669134988687
-0.700214509278
-0.707722723246
-0.688925365458
-0.64203952192
-0.566335409749
-0.462199933449
-0.33115917138
-0.175858425045
3.33066907388e-16
0.191759574115
0.393949690909
0.600458608444
0.804733386729
1.0
1.1794960159
1.33670771381
1.46560328087
1.56085378597
1.61803398875
1.63379567989
1.60600715088
1.53385352341
1.41789399288
1.26007351067
1.06368799463
0.833303762305
0.574633470219
0.294372359516
-1.99840144433e-15
-0.300446058001
-0.598617314508
-0.886113876914
-1.15474791899
-1.39680224667
-1.60527530747
-1.77410441139
-1.89835964702
-1.97440195204
-2.0
-1.97440195204
-1.89835964702
-1.77410441139
-1.60527530747
-1.39680224667
-1.15474791899
-0.886113876914
-0.598617314508
-0.300446058001
-3.27515792264e-15
0.294372359516
0.574633470219
0.833303762305
1.06368799463
1.26007351067
1.41789399288
1.53385352341
1.60600715088
1.63379567989
1.61803398875
1.56085378597
1.46560328087
1.33670771381
1.1794960159
1.0
0.804733386729
0.600458608444
0.393949690909
0.191759574115
2.22044604925e-15
-0.175858425045
-0.33115917138
-0.462199933449
-0.566335409749
-0.64203952192
-0.688925365458
-0.707722723246
-0.700214509278
-0.669134988687
-0.61803398875
-0.551112525129
-0.47303627545
-0.388734102584
-0.303189335856
-0.221231742082
-0.147338052622
-0.0854485603862
-0.0388066752404
-0.00982745058579
0.0
-0.00982745058579
-0.0388066752404
-0.0854485603862
-0.147338052622
-0.221231742082
-0.303189335856
-0.388734102584
-0.47303627545
-0.551112525129
-0.61803398875
-0.669134988687
-0.700214509278
-0.707722723246
-0.688925365458
-0.64203952192
-0.566335409749
-0.462199933449
-0.33115917138
-0.175858425045
-3.33066907388e-16
0.191759574115
0.393949690909
0.600458608444
0.804733386729
1.0
1.1794960159
1.33670771381
1.46560328087
1.56085378597
1.61803398875
1.63379567989
1.60600715088
1.53385352341
1.41789399288
1.26007351067
1.06368799463
0.833303762305
0.574633470219
0.294372359516
8.32667268469e-16
-0.300446058001
-0.598617314508
-0.886113876914
-1.15474791899
-1.39680224667
-1.60527530747
-1.77410441139
-1.89835964702
-1.97440195204
-2.0
-1.97440195204
-1.89835964702
-1.77410441139
-1.60527530747
-1.39680224667
-1.15474791899
-0.886113876914
-0.598617314508
-0.300446058001
-1.05471187339e-15
0.294372359516
0.574633470219
0.833303762305
1.06368799463
1.26007351067
1.41789399288
1.53385352341
1.60600715088
1.63379567989
1.61803398875
1.56085378597
1.46560328087
1.33670771381
1.1794960159
1.0
0.804733386729
0.600458608444
0.393949690909
0.191759574115
-1.22124532709e-15
-0.175858425045
-0.33115917138
-0.462199933449
-0.566335409749
-0.64203952192
-0.688925365458
-0.707722723246
-0.700214509278
-0.669134988687
-0.61803398875
-0.551112525129
-0.47303627545
-0.388734102584
-0.303189335856
-0.221231742082
-0.147338052622
-0.0854485603862
-0.0388066752404
-0.00982745058579
0.0
-0.00982745058579
-0.0388066752404
-0.0854485603862
-0.147338052622
-0.221231742082
-0.303189335856
-0.388734102584
-0.47303627545
-0.551112525129
-0.61803398875
-0.669134988687
-0.700214509278
-0.707722723246
-0.688925365458
-0.64203952192
-0.566335409749
-0.462199933449
-0.33115917138
-0.175858425045
9.99200722163e-16
0.191759574115
0.393949690909
0.600458608444
0.804733386729
1.0
1.1794960159
1.33670771381
1.46560328087
1.56085378597
1.61803398875
1.63379567989
1.60600715088
1.53385352341
1.41789399288
1.26007351067
1.06368799463
0.833303762305
0.574633470219
0.294372359516
5.3290705182e-15
-0.300446058001
-0.598617314508
-0.886113876914
-1.15474791899
-1.39680224667
-1.60527530747
-1.77410441139
-1.89835964702
-1.97440195204
-2.0
-1.97440195204
-1.89835964702
-1.77410441139
-1.60527530747
-1.39680224667
-1.15474791899
-0.886113876914
-0.598617314508
-0.300446058001
-5.55111512313e-15
0.294372359516
0.574633470219
0.833303762305
1.06368799463
1.26007351067
1.41789399288
1.53385352341
1.60600715088
1.63379567989
1.61803398875
1.56085378597
1.46560328087
1.33670771381
1.1794960159
1.0
0.804733386729
0.600458608444
0.393949690909
0.191759574115
7.77156117238e-15
-0.175858425045
-0.33115917138
-0.462199933449
-0.566335409749
-0.64203952192
-0.688925365458
-0.707722723246
-0.700214509278
-0.669134988687
-0.61803398875
-0.551112525129
-0.47303627545
-0.388734102584
-0.303189335856
-0.221231742082
-0.147338052622
-0.0854485603862
-0.0388066752404
-0.00982745058579
0.0
-0.00982745058579
-0.0388066752404
-0.0854485603862
-0.147338052622
-0.221231742082
-0.303189335856
-0.388734102584
-0.47303627545
-0.551112525129
-0.61803398875
-0.669134988687
-0.700214509278
-0.707722723246
-0.688925365458
-0.64203952192
-0.566335409749
-0.462199933449
-0.33115917138
-0.175858425045
-3.88578058619e-15
0.191759574115
0.393949690909
0.600458608444
0.804733386729
1.0
1.1794960159
1.33670771381
1.46560328087
1.56085378597
1.61803398875
1.63379567989
1.60600715088
1.53385352341
1.41789399288
1.26007351067
1.06368799463
0.833303762305
0.574633470219
0.294372359516
-2.77555756156e-16
-0.300446058001
-0.598617314508
-0.886113876914
-1.15474791899
-1.39680224667
-1.60527530747
-1.77410441139
-1.89835964702
-1.97440195204
-2.0
-1.97440195204
-1.89835964702
-1.77410441139
-1.60527530747
-1.39680224667
-1.15474791899
-0.886113876914
-0.598617314508
-0.300446058001
6.77236045021e-15
0.294372359516
0.574633470219
0.833303762305
1.06368799463
1.26007351067
1.41789399288
1.53385352341
1.60600715088
1.63379567989
1.61803398875
1.56085378597
1.46560328087
1.33670771381
1.1794960159
1.0
0.804733386729
0.600458608444
0.393949690909
0.191759574115
2.22044604925e-16
-0.175858425045
-0.33115917138
-0.462199933449
-0.566335409749
-0.64203952192
-0.688925365458
-0.707722723246
-0.700214509278
-0.669134988687
-0.61803398875
-0.551112525129
-0.47303627545
-0.388734102584
-0.303189335856
-0.221231742082
-0.147338052622
-0.0854485603862
-0.0388066752404
-0.00982745058579
0.0
-0.00982745058579
-0.0388066752404
-0.0854485603862
-0.147338052622
-0.221231742082
-0.303189335856
-0.388734102584
-0.47303627545
-0.551112525129
-0.61803398875
-0.669134988687
-0.700214509278
-0.707722723246
-0.688925365458
-0.64203952192
-0.566335409749
-0.462199933449
-0.33115917138
-0.175858425045
7.9936057773e-15
0.191759574115
0.393949690909
0.600458608444
0.804733386729
1.0
1.1794960159
1.33670771381
1.46560328087
1.56085378597
1.61803398875
1.63379567989
1.60600715088
1.53385352341
1.41789399288
1.26007351067
1.06368799463
0.833303762305
0.574633470219
0.294372359516
-1.26010313295e-14
-0.300446058001
-0.598617314508
-0.886113876914
-1.15474791899
-1.39680224667
-1.60527530747
-1.77410441139
-1.89835964702
-1.97440195204
-2.0
-1.97440195204
-1.89835964702
-1.77410441139
-1.60527530747
-1.39680224667
-1.15474791899
-0.886113876914
-0.598617314508
-0.300446058001
5.60662627436e-15
0.294372359516
0.574633470219
0.833303762305
1.06368799463
1.26007351067
1.41789399288
1.53385352341
1.60600715088
1.63379567989
1.61803398875
1.56085378597
1.46560328087
1.33670771381
1.1794960159
1.0
0.804733386729
0.600458608444
0.393949690909
0.191759574115
8.881784197e-16
-0.175858425045
-0.33115917138
-0.462199933449
-0.566335409749
-0.64203952192
-0.688925365458
-0.707722723246
-0.700214509278
-0.669134988687
-0.61803398875
-0.551112525129
-0.47303627545
-0.388734102584
-0.303189335856
-0.221231742082
-0.147338052622
-0.0854485603862
-0.0388066752404
-0.00982745058579
0.0
-0.00982745058579
-0.0388066752404
-0.0854485603862
-0.147338052622
-0.221231742082
-0.303189335856
-0.388734102584
-0.47303627545
-0.551112525129
-0.61803398875
-0.669134988687
-0.700214509278
-0.707722723246
-0.688925365458
-0.64203952192
-0.566335409749
-0.462199933449
-0.33115917138
-0.175858425045
-1.11022302463e-15
0.191759574115
0.393949690909
0.600458608444
0.804733386729
1.0
1.1794960159
1.33670771381
1.46560328087
1.56085378597
1.61803398875
1.63379567989
1.60600715088
1.53385352341
1.41789399288
1.26007351067
1.06368799463
0.833303762305
0.574633470219
0.294372359516
8.82627304577e-15
-0.300446058001
-0.598617314508
-0.886113876914
-1.15474791899
-1.39680224667
-1.60527530747
-1.77410441139
-1.89835964702
-1.97440195204
-2.0
-1.97440195204
-1.89835964702
-1.77410441139
-1.60527530747
-1.39680224667
-1.15474791899
-0.886113876914
-0.598617314508
-0.300446058001
-2.33146835171e-15
0.294372359516
0.574633470219
0.833303762305
1.06368799463
1.26007351067
1.41789399288
1.53385352341
1.60600715088
1.63379567989
1.61803398875
1.56085378597
1.46560328087
1.33670771381
1.1794960159
1.0
0.804733386729
0.600458608444
0.393949690909
0.191759574115
5.77315972805e-15
-0.175858425045
-0.33115917138
-0.462199933449
-0.566335409749
-0.64203952192
-0.688925365458
-0.707722723246
-0.700214509278
-0.669134988687
-0.61803398875
-0.551112525129
-0.47303627545
-0.388734102584
-0.303189335856
-0.221231742082
-0.147338052622
-0.0854485603862
-0.0388066752404
-0.00982745058579
0.0
-0.00982745058579
-0.0388066752404
-0.0854485603862
-0.147338052622
-0.221231742082
-0.303189335856
-0.388734102584
-0.47303627545
-0.551112525129
-0.61803398875
-0.669134988687
-0.700214509278
-0.707722723246
-0.688925365458
-0.64203952192
-0.566335409749
-0.462199933449
-0.33115917138
-0.175858425045
2.33146835171e-15
0.191759574115
0.393949690909
0.600458608444
0.804733386729
1.0
1.1794960159
1.33670771381
1.46560328087
1.56085378597
1.61803398875
1.63379567989
1.60600715088
1.53385352341
1.41789399288
1.26007351067
1.06368799463
0.833303762305
0.574633470219
0.294372359516
-1.02695629778e-14
-0.300446058001
-0.598617314508
-0.886113876914
-1.15474791899
-1.39680224667
-1.60527530747
-1.77410441139
-1.89835964702
-1.97440195204
-2.0
-1.97440195204
-1.89835964702
-1.77410441139
-1.60527530747
-1.39680224667
-1.15474791899
-0.886113876914
-0.598617314508
-0.300446058001
-1.02695629778e-14
0.294372359516
0.574633470219
0.833303762305
1.06368799463
1.26007351067
1.41789399288
1.53385352341
1.60600715088
1.63379567989
1.61803398875
1.56085378597
1.46560328087
1.33670771381
1.1794960159
1.0
0.804733386729
0.600458608444
0.393949690909
0.191759574115
1.06581410364e-14
-0.175858425045
-0.33115917138
-0.462199933449
-0.566335409749
-0.64203952192
-0.688925365458
-0.707722723246
-0.700214509278
-0.669134988687
-0.61803398875
-0.551112525129
-0.47303627545
-0.388734102584
-0.303189335856
-0.221231742082
-0.147338052622
-0.0854485603862
-0.0388066752404
-0.00982745058579
0.0
-0.00982745058579
-0.0388066752404
-0.0854485603862
-0.147338052622
-0.221231742082
-0.303189335856
-0.388734102584
-0.47303627545
-0.551112525129
-0.61803398875
-0.669134988687
-0.700214509278
-0.707722723246
-0.688925365458
-0.64203952192
-0.566335409749
-0.462199933449
-0.33115917138
-0.175858425045
-2.6645352591e-15
0.191759574115
0.393949690909
0.600458608444
0.804733386729
1.0
1.1794960159
1.33670771381
1.46560328087
1.56085378597
1.61803398875
1.63379567989
1.60600715088
1.53385352341
1.41789399288
1.26007351067
1.06368799463
0.833303762305
0.574633470219
0.294372359516
-2.33146835171e-15
-0.300446058001
-0.598617314508
-0.886113876914
-1.15474791899
-1.39680224667
-1.60527530747
-1.77410441139
-1.89835964702
-1.97440195204
-2.0
-1.97440195204
-1.89835964702
-1.77410441139
-1.60527530747
-1.39680224667
-1.15474791899
-0.886113876914
-0.598617314508
-0.300446058001
-1.81521464526e-14
0.294372359516
0.574633470219
0.833303762305
1.06368799463
1.26007351067
1.41789399288
1.53385352341
1.60600715088
1.63379567989
1.61803398875
1.56085378597
1.46560328087
1.33670771381
1.1794960159
1.0
0.804733386729
0.600458608444
0.393949690909
0.191759574115
7.21644966006e-15
-0.175858425045
-0.33115917138
-0.462199933449
-0.566335409749
-0.64203952192
-0.688925365458
-0.707722723246
-0.700214509278
-0.669134988687
-0.61803398875
-0.551112525129
-0.47303627545
-0.388734102584
-0.303189335856
-0.221231742082
-0.147338052622
-0.0854485603862
-0.0388066752404
-0.00982745058579
0.0
-0.00982745058579
-0.0388066752404
-0.0854485603862
-0.147338052622
-0.221231742082
-0.303189335856
-0.388734102584
-0.47303627545
-0.551112525129
-0.61803398875
-0.669134988687
-0.700214509278
-0.707722723246
-0.688925365458
-0.64203952192
-0.566335409749
-0.462199933449
-0.33115917138
-0.175858425045
8.881784197e-16
0.191759574115
0.393949690909
0.600458608444
0.804733386729
1.0
1.1794960159
1.33670771381
1.46560328087
1.56085378597
1.61803398875
1.63379567989
1.60600715088
1.53385352341
1.41789399288
1.26007351067
1.06368799463
0.833303762305
0.574633470219
0.294372359516
1.90958360236e-14
-0.300446058001
-0.598617314508
-0.886113876914
-1.15474791899
-1.39680224667
-1.60527530747
-1.77410441139
-1.89835964702
-1.97440195204
-2.0
-1.97440195204
-1.89835964702
-1.77410441139
-1.60527530747
-1.39680224667
-1.15474791899
-0.886113876914
-0.598617314508
-0.300446058001
-1.25455201783e-14
0.294372359516
0.574633470219
0.833303762305
1.06368799463
1.26007351067
1.41789399288
1.53385352341
1.60600715088
1.63379567989
1.61803398875
1.56085378597
1.46560328087
1.33670771381
1.1794960159
1.0
0.804733386729
0.600458608444
0.393949690909
0.191759574115
3.66373598126e-15
-0.175858425045
-0.33115917138
-0.462199933449
-0.566335409749
-0.64203952192
-0.688925365458
-0.707722723246
-0.700214509278
-0.669134988687
-0.61803398875
-0.551112525129
-0.47303627545
-0.388734102584
-0.303189335856
-0.221231742082
-0.147338052622
-0.0854485603862
-0.0388066752404
-0.00982745058579
0.0
-0.00982745058579
-0.0388066752404
-0.0854485603862
-0.147338052622
-0.221231742082
-0.303189335856
-0.388734102584
-0.47303627545
-0.551112525129
-0.61803398875
-0.669134988687
-0.700214509278
-0.707722723246
-0.688925365458
-0.64203952192
-0.566335409749
-0.462199933449
-0.33115917138
-0.175858425045
4.32986979604e-15
0.191759574115
0.393949690909
0.600458608444
0.804733386729
