1.0
0.992114701314
0.968583161129
0.929776485888
0.876306680044
0.809016994375
0.728968627421
0.637423989749
0.535826794979
0.425779291565
0.309016994375
0.187381314586
0.0627905195293
-0.0627905195293
-0.187381314586
-0.309016994375
-0.425779291565
-0.535826794979
-0.637423989749
-0.728968627421
-0.809016994375
-0.876306680044
-0.929776485888
-0.968583161129
-0.992114701314
-1.0
-0.992114701314
-0.968583161129
-0.929776485888
-0.876306680044
-0.809016994375
-0.728968627421
-0.637423989749
-0.535826794979
-0.425779291565
-0.309016994375
-0.187381314586
-0.0627905195293
0.0627905195293
0.187381314586
0.309016994375
0.425779291565
0.535826794979
0.637423989749
0.728968627421
0.809016994375
0.876306680044
0.929776485888
0.968583161129
0.992114701314
1.0
0.992114701314
0.968583161129
0.929776485888
0.876306680044
0.809016994375
0.728968627421
0.637423989749
0.535826794979
0.425779291565
0.309016994375
0.187381314586
0.0627905195293
-0.0627905195293
-0.187381314586
-0.309016994375
-0.425779291565
-0.535826794979
-0.637423989749
-0.728968627421
-0.809016994375
-0.876306680044
-0.929776485888
-0.968583161129
-0.992114701314
-1.0
-0.992114701314
-0.968583161129
-0.929776485888
-0.876306680044
-0.809016994375
-0.728968627421
-0.637423989749
-0.535826794979
-0.425779291565
-0.309016994375
-0.187381314586
-0.0627905195293
0.0627905195293
0.187381314586
0.309016994375
0.425779291565
0.535826794979
0.637423989749
0.728968627421
0.809016994375
0.876306680044
0.929776485888
0.968583161129
0.992114701314
1.0
0.992114701314
0.968583161129
0.929776485888
0.876306680044
0.809016994375
0.728968627421
0.637423989749
0.535826794979
0.425779291565
0.309016994375
0.187381314586
0.0627905195293
-0.0627905195293
-0.187381314586
-0.309016994375
-0.425779291565
-0.535826794979
-0.637423989749
-0.728968627421
-0.809016994375
-0.876306680044
-0.929776485888
-0.968583161129
-0.992114701314
-1.0
-0.992114701314
-0.968583161129
-0.929776485888
-0.876306680044
-0.809016994375
-0.728968627421
-0.637423989749
-0.535826794979
-0.425779291565
-0.309016994375
-0.187381314586
-0.0627905195293
0.0627905195293
0.187381314586
0.309016994375
0.425779291565
0.535826794979
0.637423989749
0.728968627421
0.809016994375
0.876306680044
0.929776485888
0.968583161129
0.992114701314
1.0
0.992114701314
0.968583161129
0.929776485888
0.876306680044
0.809016994375
0.728968627421
0.637423989749
0.535826794979
0.425779291565
0.309016994375
0.187381314586
0.0627905195293
-0.0627905195293
-0.187381314586
-0.309016994375
-0.425779291565
-0.535826794979
-0.637423989749
-0.728968627421
-0.809016994375
-0.876306680044
-0.929776485888
-0.968583161129
-0.992114701314
-1.0
-0.992114701314
-0.968583161129
-0.929776485888
-0.876306680044
-0.809016994375
-0.728968627421
-0.637423989749
-0.535826794979
-0.425779291565
-0.309016994375
-0.187381314586
-0.0627905195293
0.0627905195293
0.187381314586
0.309016994375
0.425779291565
0.535826794979
0.637423989749
0.728968627421
0.809016994375
0.876306680044
0.929776485888
0.968583161129
0.992114701314
1.0
0.992114701314
0.968583161129
0.929776485888
0.876306680044
0.809016994375
0.728968627421
0.637423989749
0.535826794979
0.425779291565
0.309016994375
0.187381314586
0.0627905195293
-0.0627905195293
-0.187381314586
-0.309016994375
-0.425779291565
-0.535826794979
-0.637423989749
-0.728968627421
-0.809016994375
-0.876306680044
-0.929776485888
-0.968583161129
-0.992114701314
-1.0
-0.992114701314
-0.968583161129
-0.929776485888
-0.876306680044
-0.809016994375
-0.728968627421
-0.637423989749
-0.535826794979
-0.425779291565
-0.309016994375
-0.187381314586
-0.0627905195293
0.0627905195293
0.187381314586
0.309016994375
0.425779291565
0.535826794979
0.637423989749
0.728968627421
0.809016994375
0.876306680044
0.929776485888
0.968583161129
0.992114701314
1.0
0.992114701314
0.968583161129
0.929776485888
0.876306680044
0.809016994375
0.728968627421
0.637423989749
0.535826794979
0.425779291565
0.309016994375
0.187381314586
0.0627905195293
-0.0627905195293
-0.187381314586
-0.309016994375
-0.425779291565
-0.535826794979
-0.637423989749
-0.728968627421
-0.809016994375
-0.876306680044
-0.929776485888
-0.968583161129
-0.992114701314
-1.0
-0.992114701314
-0.968583161129
-0.929776485888
-0.876306680044
-0.809016994375
-0.728968627421
-0.637423989749
-0.535826794979
-0.425779291565
-0.309016994375
-0.187381314586
-0.0627905195293
0.0627905195293
0.187381314586
0.309016994375
0.425779291565
0.535826794979
0.637423989749
0.728968627421
0.809016994375
0.876306680044
0.929776485888
0.968583161129
0.992114701314
1.0
0.992114701314
0.968583161129
0.929776485888
0.876306680044
0.809016994375
0.728968627421
0.637423989749
0.535826794979
0.425779291565
0.309016994375
0.187381314586
0.0627905195293
-0.0627905195293
-0.187381314586
-0.309016994375
-0.425779291565
-0.535826794979
-0.637423989749
-0.728968627421
-0.809016994375
-0.876306680044
-0.929776485888
-0.968583161129
-0.992114701314
-1.0
-0.992114701314
-0.968583161129
-0.929776485888
-0.876306680044
-0.809016994375
-0.728968627421
-0.637423989749
-0.535826794979
-0.425779291565
-0.309016994375
-0.187381314586
-0.0627905195293
0.0627905195293
0.187381314586
0.309016994375
0.425779291565
0.535826794979
0.637423989749
0.728968627421
0.809016994375
0.876306680044
0.929776485888
0.968583161129
0.992114701314
1.0
0.992114701314
0.968583161129
0.929776485888
0.876306680044
0.809016994375
0.728968627421
0.637423989749
0.535826794979
0.425779291565
0.309016994375
0.187381314586
0.0627905195293
-0.0627905195293
-0.187381314586
-0.309016994375
-0.425779291565
-0.535826794979
-0.637423989749
-0.728968627421
-0.809016994375
-0.876306680044
-0.929776485888
-0.968583161129
-0.992114701314
-1.0
-0.992114701314
-0.968583161129
-0.929776485888
-0.876306680044
-0.809016994375
-0.728968627421
-0.637423989749
-0.535826794979
-0.425779291565
-0.309016994375
-0.187381314586
-0.0627905195293
0.0627905195293
0.187381314586
0.309016994375
0.425779291565
0.535826794979
0.637423989749
0.728968627421
0.809016994375
0.876306680044
0.929776485888
0.968583161129
0.992114701314
1.0
0.992114701314
0.968583161129
0.929776485888
0.876306680044
0.809016994375
0.728968627421
0.637423989749
0.535826794979
0.425779291565
0.309016994375
0.187381314586
0.0627905195293
-0.0627905195293
-0.187381314586
-0.309016994375
-0.425779291565
-0.535826794979
-0.637423989749
-0.728968627421
-0.809016994375
-0.876306680044
-0.929776485888
-0.968583161129
-0.992114701314
-1.0
-0.992114701314
-0.968583161129
-0.929776485888
-0.876306680044
-0.809016994375
-0.728968627421
-0.637423989749
-0.535826794979
-0.425779291565
-0.309016994375
-0.187381314586
-0.0627905195293
0.0627905195293
0.187381314586
0.309016994375
0.425779291565
0.535826794979
0.637423989749
0.728968627421
0.809016994375
0.876306680044
0.929776485888
0.968583161129
0.992114701314
1.0
0.992114701314
0.968583161129
0.929776485888
0.876306680044
0.809016994375
0.728968627421
0.637423989749
0.535826794979
0.425779291565
0.309016994375
0.187381314586
0.0627905195293
-0.0627905195293
-0.187381314586
-0.309016994375
-0.425779291565
-0.535826794979
-0.637423989749
-0.728968627421
-0.809016994375
-0.876306680044
-0.929776485888
-0.968583161129
-0.992114701314
-1.0
-0.992114701314
-0.968583161129
-0.929776485888
-0.876306680044
-0.809016994375
-0.728968627421
-0.637423989749
-0.535826794979
-0.425779291565
-0.309016994375
-0.187381314586
-0.0627905195293
0.0627905195293
0.187381314586
0.309016994375
0.425779291565
0.535826794979
0.637423989749
0.728968627421
0.809016994375
0.876306680044
0.929776485888
0.968583161129
0.992114701314
1.0
0.992114701314
0.968583161129
0.929776485888
0.876306680044
0.809016994375
0.728968627421
0.637423989749
0.535826794979
0.425779291565
0.309016994375
0.187381314586
0.0627905195293
-0.0627905195293
-0.187381314586
-0.309016994375
-0.425779291565
-0.535826794979
-0.637423989749
-0.728968627421
-0.809016994375
-0.876306680044
-0.929776485888
-0.968583161129
-0.992114701314
-1.0
-0.992114701314
-0.968583161129
-0.929776485888
-0.876306680044
-0.809016994375
-0.728968627421
-0.637423989749
-0.535826794979
-0.425779291565
-0.309016994375
-0.187381314586
-0.0627905195293
0.0627905195293
0.187381314586
0.309016994375
0.425779291565
0.535826794979
0.637423989749
0.728968627421
0.809016994375
0.876306680044
0.929776485888
0.968583161129
0.992114701314
1.0
0.992114701314
0.968583161129
0.929776485888
0.876306680044
0.809016994375
0.728968627421
0.637423989749
0.535826794979
0.425779291565
0.309016994375
0.187381314586
0.0627905195293
-0.0627905195293
-0.187381314586
-0.309016994375
-0.425779291565
-0.535826794979
-0.637423989749
-0.728968627421
-0.809016994375
-0.876306680044
-0.929776485888
-0.968583161129
-0.992114701314
-1.0
-0.992114701314
-0.968583161129
-0.929776485888
-0.876306680044
-0.809016994375
-0.728968627421
-0.637423989749
-0.535826794979
-0.425779291565
-0.309016994375
-0.187381314586
-0.0627905195293
0.0627905195293
0.187381314586
0.309016994375
0.425779291565
0.535826794979
0.637423989749
0.728968627421
0.809016994375
0.876306680044
0.929776485888
0.968583161129
0.992114701314
1.0
0.992114701314
0.968583161129
0.929776485888
0.876306680044
0.809016994375
0.728968627421
0.637423989749
0.535826794979
0.425779291565
0.309016994375
0.187381314586
0.0627905195293
-0.0627905195293
-0.187381314586
-0.309016994375
-0.425779291565
-0.535826794979
-0.637423989749
-0.728968627421
-0.809016994375
-0.876306680044
-0.929776485888
-0.968583161129
-0.992114701314
-1.0
-0.992114701314
-0.968583161129
-0.929776485888
-0.876306680044
-0.809016994375
-0.728968627421
-0.637423989749
-0.535826794979
-0.425779291565
-0.309016994375
-0.187381314586
-0.0627905195293
0.0627905195293
0.187381314586
0.309016994375
0.425779291565
0.535826794979
0.637423989749
0.728968627421
0.809016994375
0.876306680044
0.929776485888
0.968583161129
0.992114701314
1.0
0.992114701314
0.968583161129
0.929776485888
0.876306680044
0.809016994375
0.728968627421
0.637423989749
0.535826794979
0.425779291565
0.309016994375
0.187381314586
0.0627905195293
-0.0627905195293
-0.187381314586
-0.309016994375
-0.425779291565
-0.535826794979
-0.637423989749
-0.728968627421
-0.809016994375
-0.876306680044
-0.929776485888
-0.968583161129
-0.992114701314
-1.0
-0.992114701314
-0.968583161129
-0.929776485888
-0.876306680044
-0.809016994375
-0.728968627421
-0.637423989749
-0.535826794979
-0.425779291565
-0.309016994375
-0.187381314586
-0.0627905195293
0.0627905195293
0.187381314586
0.309016994375
0.425779291565
0.535826794979
0.637423989749
0.728968627421
0.809016994375
0.876306680044
0.929776485888
0.968583161129
0.992114701314
1.0
0.992114701314
0.968583161129
0.929776485888
0.876306680044
0.809016994375
0.728968627421
0.637423989749
0.535826794979
0.425779291565
0.309016994375
0.187381314586
0.0627905195293
-0.0627905195293
-0.187381314586
-0.309016994375
-0.425779291565
-0.535826794979
-0.637423989749
-0.728968627421
-0.809016994375
-0.876306680044
-0.929776485888
-0.968583161129
-0.992114701314
-1.0
-0.992114701314
-0.968583161129
-0.929776485888
-0.876306680044
-0.809016994375
-0.728968627421
-0.637423989749
-0.535826794979
-0.425779291565
-0.309016994375
-0.187381314586
-0.0627905195293
0.0627905195293
0.187381314586
0.309016994375
0.425779291565
0.535826794979
0.637423989749
0.728968627421
0.809016994375
0.876306680044
0.929776485888
0.968583161129
0.992114701314
1.0
0.992114701314
0.968583161129
0.929776485888
0.876306680044
0.809016994375
0.728968627421
0.637423989749
0.535826794979
0.425779291565
0.309016994375
0.187381314586
0.0627905195293
-0.0627905195293
-0.187381314586
-0.309016994375
-0.425779291565
-0.535826794979
-0.637423989749
-0.728968627421
-0.809016994375
-0.876306680044
-0.929776485888
-0.968583161129
-0.992114701314
-1.0
-0.992114701314
-0.968583161129
-0.929776485888
-0.876306680044
-0.809016994375
-0.728968627421
-0.637423989749
-0.535826794979
-0.425779291565
-0.309016994375
-0.187381314586
-0.0627905195293
0.0627905195293
0.187381314586
0.309016994375
0.425779291565
0.535826794979
0.637423989749
0.728968627421
0.809016994375
0.876306680044
0.929776485888
0.968583161129
0.992114701314
1.0
0.992114701314
0.968583161129
0.929776485888
0.876306680044
0.809016994375
0.728968627421
0.637423989749
0.535826794979
0.425779291565
0.309016994375
0.187381314586
0.0627905195293
-0.0627905195293
-0.187381314586
-0.309016994375
-0.425779291565
-0.535826794979
-0.637423989749
-0.728968627421
-0.809016994375
-0.876306680044
-0.929776485888
-0.968583161129
-0.992114701314
-1.0
-0.992114701314
-0.968583161129
-0.929776485888
-0.876306680044
-0.809016994375
-0.728968627421
-0.637423989749
-0.535826794979
-0.425779291565
-0.309016994375
-0.187381314586
-0.0627905195293
0.0627905195293
0.187381314586
0.309016994375
0.425779291565
0.535826794979
0.637423989749
0.728968627421
0.809016994375
0.876306680044
0.929776485888
0.968583161129
0.992114701314
1.0
0.992114701314
0.968583161129
0.929776485888
0.876306680044
0.809016994375
0.728968627421
0.637423989749
0.535826794979
0.425779291565
0.309016994375
0.187381314586
0.0627905195293
-0.0627905195293
-0.187381314586
-0.309016994375
-0.425779291565
-0.535826794979
-0.637423989749
-0.728968627421
-0.809016994375
-0.876306680044
-0.929776485888
-0.968583161129
-0.992114701314
-1.0
-0.992114701314
-0.968583161129
-0.929776485888
-0.876306680044
-0.809016994375
-0.728968627421
-0.637423989749
-0.535826794979
-0.425779291565
-0.309016994375
-0.187381314586
-0.0627905195293
0.0627905195293
0.187381314586
0.309016994375
0.425779291565
0.535826794979
0.637423989749
0.728968627421
0.809016994375
0.876306680044
0.929776485888
0.968583161129
0.992114701314
1.0
0.992114701314
0.968583161129
0.929776485888
0.876306680044
0.809016994375
0.728968627421
0.637423989749
0.535826794979
0.425779291565
0.309016994375
0.187381314586
0.0627905195293
-0.0627905195293
-0.187381314586
-0.309016994375
-0.425779291565
-0.535826794979
-0.637423989749
-0.728968627421
-0.809016994375
-0.876306680044
-0.929776485888
-0.968583161129
-0.992114701314
-1.0
-0.992114701314
-0.968583161129
-0.929776485888
-0.876306680044
-0.809016994375
-0.728968627421
-0.637423989749
-0.535826794979
-0.425779291565
-0.309016994375
-0.187381314586
-0.0627905195293
0.0627905195293
0.187381314586
0.309016994375
0.425779291565
0.535826794979
0.637423989749
0.728968627421
0.809016994375
0.876306680044
0.929776485888
0.968583161129
0.992114701314
1.0
0.992114701314
0.968583161129
0.929776485888
0.876306680044
0.809016994375
0.728968627421
0.637423989749
0.535826794979
0.425779291565
0.309016994375
0.187381314586
0.0627905195293
-0.0627905195293
-0.187381314586
-0.309016994375
-0.425779291565
-0.535826794979
-0.637423989749
-0.728968627421
-0.809016994375
-0.876306680044
-0.929776485888
-0.968583161129
-0.992114701314
-1.0
-0.992114701314
-0.968583161129
-0.929776485888
-0.876306680044
-0.809016994375
-0.728968627421
-0.637423989749
-0.535826794979
-0.425779291565
-0.309016994375
-0.187381314586
-0.0627905195293
0.0627905195293
0.187381314586
0.309016994375
0.425779291565
0.535826794979
0.637423989749
0.728968627421
0.809016994375
0.876306680044
0.929776485888
0.968583161129
0.992114701314
