0.0
0.187381314586
0.368124552685
0.535826794979
0.684547105929
0.809016994375
0.904827052466
0.968583161129
0.998026728428
0.992114701314
0.951056516295
0.876306680044
0.770513242776
0.637423989749
0.481753674102
0.309016994375
0.125333233564
-0.0627905195293
-0.248689887165
-0.425779291565
-0.587785252292
-0.728968627421
-0.844327925502
-0.929776485888
-0.982287250729
-1.0
-0.982287250729
-0.929776485888
-0.844327925502
-0.728968627421
-0.587785252292
-0.425779291565
-0.248689887165
-0.0627905195293
0.125333233564
0.309016994375
0.481753674102
0.637423989749
0.770513242776
0.876306680044
0.951056516295
0.992114701314
0.998026728428
0.968583161129
0.904827052466
0.809016994375
0.684547105929
0.535826794979
0.368124552685
0.187381314586
3.67394039744e-16
-0.187381314586
-0.368124552685
-0.535826794979
-0.684547105929
-0.809016994375
-0.904827052466
-0.968583161129
-0.998026728428
-0.992114701314
-0.951056516295
-0.876306680044
-0.770513242776
-0.637423989749
-0.481753674102
-0.309016994375
-0.125333233564
0.0627905195293
0.248689887165
0.425779291565
0.587785252292
0.728968627421
0.844327925502
0.929776485888
0.982287250729
1.0
0.982287250729
0.929776485888
0.844327925502
0.728968627421
0.587785252292
0.425779291565
0.248689887165
0.0627905195293
-0.125333233564
-0.309016994375
-0.481753674102
-0.637423989749
-0.770513242776
-0.876306680044
-0.951056516295
-0.992114701314
-0.998026728428
-0.968583161129
-0.904827052466
-0.809016994375
-0.684547105929
-0.535826794979
-0.368124552685
-0.187381314586
-7.34788079488e-16
0.187381314586
0.368124552685
0.535826794979
0.684547105929
0.809016994375
0.904827052466
0.968583161129
0.998026728428
0.992114701314
0.951056516295
0.876306680044
0.770513242776
0.637423989749
0.481753674102
0.309016994375
0.125333233564
-0.0627905195293
-0.248689887165
-0.425779291565
-0.587785252292
-0.728968627421
-0.844327925502
-0.929776485888
-0.982287250729
-1.0
-0.982287250729
-0.929776485888
-0.844327925502
-0.728968627421
-0.587785252292
-0.425779291565
-0.248689887165
-0.0627905195293
0.125333233564
0.309016994375
0.481753674102
0.637423989749
0.770513242776
0.876306680044
0.951056516295
0.992114701314
0.998026728428
0.968583161129
0.904827052466
0.809016994375
0.684547105929
0.535826794979
0.368124552685
0.187381314586
1.10218211923e-15
-0.187381314586
-0.368124552685
-0.535826794979
-0.684547105929
-0.809016994375
-0.904827052466
-0.968583161129
-0.998026728428
-0.992114701314
-0.951056516295
-0.876306680044
-0.770513242776
-0.637423989749
-0.481753674102
-0.309016994375
-0.125333233564
0.0627905195293
0.248689887165
0.425779291565
0.587785252292
0.728968627421
0.844327925502
0.929776485888
0.982287250729
1.0
0.982287250729
0.929776485888
0.844327925502
0.728968627421
0.587785252292
0.425779291565
0.248689887165
0.0627905195293
-0.125333233564
-0.309016994375
-0.481753674102
-0.637423989749
-0.770513242776
-0.876306680044
-0.951056516295
-0.992114701314
-0.998026728428
-0.968583161129
-0.904827052466
-0.809016994375
-0.684547105929
-0.535826794979
-0.368124552685
-0.187381314586
-1.46957615898e-15
0.187381314586
0.368124552685
0.535826794979
0.684547105929
0.809016994375
0.904827052466
0.968583161129
0.998026728428
0.992114701314
0.951056516295
0.876306680044
0.770513242776
0.637423989749
0.481753674102
0.309016994375
0.125333233564
-0.0627905195293
-0.248689887165
-0.425779291565
-0.587785252292
-0.728968627421
-0.844327925502
-0.929776485888
-0.982287250729
-1.0
-0.982287250729
-0.929776485888
-0.844327925502
-0.728968627421
-0.587785252292
-0.425779291565
-0.248689887165
-0.0627905195293
0.125333233564
0.309016994375
0.481753674102
0.637423989749
0.770513242776
0.876306680044
0.951056516295
0.992114701314
0.998026728428
0.968583161129
0.904827052466
0.809016994375
0.684547105929
0.535826794979
0.368124552685
0.187381314586
-1.71574348008e-15
-0.187381314586
-0.368124552685
-0.535826794979
-0.684547105929
-0.809016994375
-0.904827052466
-0.968583161129
-0.998026728428
-0.992114701314
-0.951056516295
-0.876306680044
-0.770513242776
-0.637423989749
-0.481753674102
-0.309016994375
-0.125333233564
0.0627905195293
0.248689887165
0.425779291565
0.587785252292
0.728968627421
0.844327925502
0.929776485888
0.982287250729
1.0
0.982287250729
0.929776485888
0.844327925502
0.728968627421
0.587785252292
0.425779291565
0.248689887165
0.0627905195293
-0.125333233564
-0.309016994375
-0.481753674102
-0.637423989749
-0.770513242776
-0.876306680044
-0.951056516295
-0.992114701314
-0.998026728428
-0.968583161129
-0.904827052466
-0.809016994375
-0.684547105929
-0.535826794979
-0.368124552685
-0.187381314586
-2.20436423847e-15
0.187381314586
0.368124552685
0.535826794979
0.684547105929
0.809016994375
0.904827052466
0.968583161129
0.998026728428
0.992114701314
0.951056516295
0.876306680044
0.770513242776
0.637423989749
0.481753674102
0.309016994375
0.125333233564
-0.0627905195293
-0.248689887165
-0.425779291565
-0.587785252292
-0.728968627421
-0.844327925502
-0.929776485888
-0.982287250729
-1.0
-0.982287250729
-0.929776485888
-0.844327925502
-0.728968627421
-0.587785252292
-0.425779291565
-0.248689887165
-0.0627905195293
0.125333233564
0.309016994375
0.481753674102
0.637423989749
0.770513242776
0.876306680044
0.951056516295
0.992114701314
0.998026728428
0.968583161129
0.904827052466
0.809016994375
0.684547105929
0.535826794979
0.368124552685
0.187381314586
-9.80955400591e-16
-0.187381314586
-0.368124552685
-0.535826794979
-0.684547105929
-0.809016994375
-0.904827052466
-0.968583161129
-0.998026728428
-0.992114701314
-0.951056516295
-0.876306680044
-0.770513242776
-0.637423989749
-0.481753674102
-0.309016994375
-0.125333233564
0.0627905195293
0.248689887165
0.425779291565
0.587785252292
0.728968627421
0.844327925502
0.929776485888
0.982287250729
1.0
0.982287250729
0.929776485888
0.844327925502
0.728968627421
0.587785252292
0.425779291565
0.248689887165
0.0627905195293
-0.125333233564
-0.309016994375
-0.481753674102
-0.637423989749
-0.770513242776
-0.876306680044
-0.951056516295
-0.992114701314
-0.998026728428
-0.968583161129
-0.904827052466
-0.809016994375
-0.684547105929
-0.535826794979
-0.368124552685
-0.187381314586
-2.93915231795e-15
0.187381314586
0.368124552685
0.535826794979
0.684547105929
0.809016994375
0.904827052466
0.968583161129
0.998026728428
0.992114701314
0.951056516295
0.876306680044
0.770513242776
0.637423989749
0.481753674102
0.309016994375
0.125333233564
-0.0627905195293
-0.248689887165
-0.425779291565
-0.587785252292
-0.728968627421
-0.844327925502
-0.929776485888
-0.982287250729
-1.0
-0.982287250729
-0.929776485888
-0.844327925502
-0.728968627421
-0.587785252292
-0.425779291565
-0.248689887165
-0.0627905195293
0.125333233564
0.309016994375
0.481753674102
0.637423989749
0.770513242776
0.876306680044
0.951056516295
0.992114701314
0.998026728428
0.968583161129
0.904827052466
0.809016994375
0.684547105929
0.535826794979
0.368124552685
0.187381314586
-7.3515946787e-15
-0.187381314586
-0.368124552685
-0.535826794979
-0.684547105929
-0.809016994375
-0.904827052466
-0.968583161129
-0.998026728428
-0.992114701314
-0.951056516295
-0.876306680044
-0.770513242776
-0.637423989749
-0.481753674102
-0.309016994375
-0.125333233564
0.0627905195293
0.248689887165
0.425779291565
0.587785252292
0.728968627421
0.844327925502
0.929776485888
0.982287250729
1.0
0.982287250729
0.929776485888
0.844327925502
0.728968627421
0.587785252292
0.425779291565
0.248689887165
0.0627905195293
-0.125333233564
-0.309016994375
-0.481753674102
-0.637423989749
-0.770513242776
-0.876306680044
-0.951056516295
-0.992114701314
-0.998026728428
-0.968583161129
-0.904827052466
-0.809016994375
-0.684547105929
-0.535826794979
-0.368124552685
-0.187381314586
3.43148696016e-15
0.187381314586
0.368124552685
0.535826794979
0.684547105929
0.809016994375
0.904827052466
0.968583161129
0.998026728428
0.992114701314
0.951056516295
0.876306680044
0.770513242776
0.637423989749
0.481753674102
0.309016994375
0.125333233564
-0.0627905195293
-0.248689887165
-0.425779291565
-0.587785252292
-0.728968627421
-0.844327925502
-0.929776485888
-0.982287250729
-1.0
-0.982287250729
-0.929776485888
-0.844327925502
-0.728968627421
-0.587785252292
-0.425779291565
-0.248689887165
-0.0627905195293
0.125333233564
0.309016994375
0.481753674102
0.637423989749
0.770513242776
0.876306680044
0.951056516295
0.992114701314
0.998026728428
0.968583161129
0.904827052466
0.809016994375
0.684547105929
0.535826794979
0.368124552685
0.187381314586
4.88620758386e-16
-0.187381314586
-0.368124552685
-0.535826794979
-0.684547105929
-0.809016994375
-0.904827052466
-0.968583161129
-0.998026728428
-0.992114701314
-0.951056516295
-0.876306680044
-0.770513242776
-0.637423989749
-0.481753674102
-0.309016994375
-0.125333233564
0.0627905195293
0.248689887165
0.425779291565
0.587785252292
0.728968627421
0.844327925502
0.929776485888
0.982287250729
1.0
0.982287250729
0.929776485888
0.844327925502
0.728968627421
0.587785252292
0.425779291565
0.248689887165
0.0627905195293
-0.125333233564
-0.309016994375
-0.481753674102
-0.637423989749
-0.770513242776
-0.876306680044
-0.951056516295
-0.992114701314
-0.998026728428
-0.968583161129
-0.904827052466
-0.809016994375
-0.684547105929
-0.535826794979
-0.368124552685
-0.187381314586
-4.40872847693e-15
0.187381314586
0.368124552685
0.535826794979
0.684547105929
0.809016994375
0.904827052466
0.968583161129
0.998026728428
0.992114701314
0.951056516295
0.876306680044
0.770513242776
0.637423989749
0.481753674102
0.309016994375
0.125333233564
-0.0627905195293
-0.248689887165
-0.425779291565
-0.587785252292
-0.728968627421
-0.844327925502
-0.929776485888
-0.982287250729
-1.0
-0.982287250729
-0.929776485888
-0.844327925502
-0.728968627421
-0.587785252292
-0.425779291565
-0.248689887165
-0.0627905195293
0.125333233564
0.309016994375
0.481753674102
0.637423989749
0.770513242776
0.876306680044
0.951056516295
0.992114701314
0.998026728428
0.968583161129
0.904827052466
0.809016994375
0.684547105929
0.535826794979
0.368124552685
0.187381314586
-5.88201851973e-15
-0.187381314586
-0.368124552685
-0.535826794979
-0.684547105929
-0.809016994375
-0.904827052466
-0.968583161129
-0.998026728428
-0.992114701314
-0.951056516295
-0.876306680044
-0.770513242776
-0.637423989749
-0.481753674102
-0.309016994375
-0.125333233564
0.0627905195293
0.248689887165
0.425779291565
0.587785252292
0.728968627421
0.844327925502
0.929776485888
0.982287250729
1.0
0.982287250729
0.929776485888
0.844327925502
0.728968627421
0.587785252292
0.425779291565
0.248689887165
0.0627905195293
-0.125333233564
-0.309016994375
-0.481753674102
-0.637423989749
-0.770513242776
-0.876306680044
-0.951056516295
-0.992114701314
-0.998026728428
-0.968583161129
-0.904827052466
-0.809016994375
-0.684547105929
-0.535826794979
-0.368124552685
-0.187381314586
1.96191080118e-15
0.187381314586
0.368124552685
0.535826794979
0.684547105929
0.809016994375
0.904827052466
0.968583161129
0.998026728428
0.992114701314
0.951056516295
0.876306680044
0.770513242776
0.637423989749
0.481753674102
0.309016994375
0.125333233564
-0.0627905195293
-0.248689887165
-0.425779291565
-0.587785252292
-0.728968627421
-0.844327925502
-0.929776485888
-0.982287250729
-1.0
-0.982287250729
-0.929776485888
-0.844327925502
-0.728968627421
-0.587785252292
-0.425779291565
-0.248689887165
-0.0627905195293
0.125333233564
0.309016994375
0.481753674102
0.637423989749
0.770513242776
0.876306680044
0.951056516295
0.992114701314
0.998026728428
0.968583161129
0.904827052466
0.809016994375
0.684547105929
0.535826794979
0.368124552685
0.187381314586
1.95819691736e-15
-0.187381314586
-0.368124552685
-0.535826794979
-0.684547105929
-0.809016994375
-0.904827052466
-0.968583161129
-0.998026728428
-0.992114701314
-0.951056516295
-0.876306680044
-0.770513242776
-0.637423989749
-0.481753674102
-0.309016994375
-0.125333233564
0.0627905195293
0.248689887165
0.425779291565
0.587785252292
0.728968627421
0.844327925502
0.929776485888
0.982287250729
1.0
0.982287250729
0.929776485888
0.844327925502
0.728968627421
0.587785252292
0.425779291565
0.248689887165
0.0627905195293
-0.125333233564
-0.309016994375
-0.481753674102
-0.637423989749
-0.770513242776
-0.876306680044
-0.951056516295
-0.992114701314
-0.998026728428
-0.968583161129
-0.904827052466
-0.809016994375
-0.684547105929
-0.535826794979
-0.368124552685
-0.187381314586
-5.87830463591e-15
0.187381314586
0.368124552685
0.535826794979
0.684547105929
0.809016994375
0.904827052466
0.968583161129
0.998026728428
0.992114701314
0.951056516295
0.876306680044
0.770513242776
0.637423989749
0.481753674102
0.309016994375
0.125333233564
-0.0627905195293
-0.248689887165
-0.425779291565
-0.587785252292
-0.728968627421
-0.844327925502
-0.929776485888
-0.982287250729
-1.0
-0.982287250729
-0.929776485888
-0.844327925502
-0.728968627421
-0.587785252292
-0.425779291565
-0.248689887165
-0.0627905195293
0.125333233564
0.309016994375
0.481753674102
0.637423989749
0.770513242776
0.876306680044
0.951056516295
0.992114701314
0.998026728428
0.968583161129
0.904827052466
0.809016994375
0.684547105929
0.535826794979
0.368124552685
0.187381314586
9.79841235445e-15
-0.187381314586
-0.368124552685
-0.535826794979
-0.684547105929
-0.809016994375
-0.904827052466
-0.968583161129
-0.998026728428
-0.992114701314
-0.951056516295
-0.876306680044
-0.770513242776
-0.637423989749
-0.481753674102
-0.309016994375
-0.125333233564
0.0627905195293
0.248689887165
0.425779291565
0.587785252292
0.728968627421
0.844327925502
0.929776485888
0.982287250729
1.0
0.982287250729
0.929776485888
0.844327925502
0.728968627421
0.587785252292
0.425779291565
0.248689887165
0.0627905195293
-0.125333233564
-0.309016994375
-0.481753674102
-0.637423989749
-0.770513242776
-0.876306680044
-0.951056516295
-0.992114701314
-0.998026728428
-0.968583161129
-0.904827052466
-0.809016994375
-0.684547105929
-0.535826794979
-0.368124552685
-0.187381314586
1.47031893574e-14
0.187381314586
0.368124552685
0.535826794979
0.684547105929
0.809016994375
0.904827052466
0.968583161129
0.998026728428
0.992114701314
0.951056516295
0.876306680044
0.770513242776
0.637423989749
0.481753674102
0.309016994375
0.125333233564
-0.0627905195293
-0.248689887165
-0.425779291565
-0.587785252292
-0.728968627421
-0.844327925502
-0.929776485888
-0.982287250729
-1.0
-0.982287250729
-0.929776485888
-0.844327925502
-0.728968627421
-0.587785252292
-0.425779291565
-0.248689887165
-0.0627905195293
0.125333233564
0.309016994375
0.481753674102
0.637423989749
0.770513242776
0.876306680044
0.951056516295
0.992114701314
0.998026728428
0.968583161129
0.904827052466
0.809016994375
0.684547105929
0.535826794979
0.368124552685
0.187381314586
1.76386277915e-14
-0.187381314586
-0.368124552685
-0.535826794979
-0.684547105929
-0.809016994375
-0.904827052466
-0.968583161129
-0.998026728428
-0.992114701314
-0.951056516295
-0.876306680044
-0.770513242776
-0.637423989749
-0.481753674102
-0.309016994375
-0.125333233564
0.0627905195293
0.248689887165
0.425779291565
0.587785252292
0.728968627421
0.844327925502
0.929776485888
0.982287250729
1.0
0.982287250729
0.929776485888
0.844327925502
0.728968627421
0.587785252292
0.425779291565
0.248689887165
0.0627905195293
-0.125333233564
-0.309016994375
-0.481753674102
-0.637423989749
-0.770513242776
-0.876306680044
-0.951056516295
-0.992114701314
-0.998026728428
-0.968583161129
-0.904827052466
-0.809016994375
-0.684547105929
-0.535826794979
-0.368124552685
-0.187381314586
